#DESI TS - 87% (g<22) + 72% (22<g<22.5) + 40% (22.5<g<23)
#2D ========= (0.2 dz bins, 0.5 g mag.) 
0.3 16.25 0.002822
0.3 16.75 0.007968
0.3 17.25 0.020584
0.3 17.75 0.046314
0.3 18.25 0.089308
0.3 18.75 0.14857
0.3 19.25 0.217792
0.3 19.75 0.291911
0.3 20.25 0.371259
0.3 20.75 0.413008
0.3 21.25 0.379227
0.3 21.75 0.222108
0.3 22.25 0.006048
0.3 22.75 0
0.5 16.25 0.00166
0.5 16.75 0.005146
0.5 17.25 0.015106
0.5 17.75 0.040089
0.5 18.25 0.093375
0.5 18.75 0.184592
0.5 19.25 0.311333
0.5 19.75 0.461563
0.5 20.25 0.624824
0.5 20.75 0.80095
0.5 21.25 0.998324
0.5 21.75 1.2289
0.5 22.25 1.13645
0.5 22.75 0.36212
0.7 16.25 0.001162
0.7 16.75 0.003569
0.7 17.25 0.010873
0.7 17.75 0.031623
0.7 18.25 0.083747
0.7 18.75 0.192394
0.7 19.25 0.370512
0.7 19.75 0.600671
0.7 20.25 0.852991
0.7 20.75 1.11726
0.7 21.25 1.40511
0.7 21.75 1.73578
0.7 22.25 1.84651
0.7 22.75 1.25436
0.9 16.25 0.001079
0.9 16.75 0.003486
0.9 17.25 0.01079
0.9 17.75 0.032121
0.9 18.25 0.088478
0.9 18.75 0.212895
0.9 19.25 0.428778
0.9 19.75 0.719942
0.9 20.25 1.0492
0.9 20.75 1.39656
0.9 21.25 1.77105
0.9 21.75 2.19568
0.9 22.25 2.33935
0.9 22.75 1.58996
1.1 16.25 0.001079
1.1 16.75 0.003403
1.1 17.25 0.010624
1.1 17.75 0.031872
1.1 18.25 0.089142
1.1 18.75 0.221693
1.1 19.25 0.464883
1.1 19.75 0.811657
1.1 20.25 1.21105
1.1 20.75 1.62871
1.1 21.25 2.07301
1.1 21.75 2.57366
1.1 22.25 2.74306
1.1 22.75 1.86488
1.3 16.25 0.000996
1.3 16.75 0.003237
1.3 17.25 0.00996
1.3 17.75 0.030295
1.3 18.25 0.08715
1.3 18.75 0.225345
1.3 19.25 0.492024
1.3 19.75 0.882373
1.3 20.25 1.33456
1.3 20.75 1.80591
1.3 21.25 2.30466
1.3 21.75 2.8645
1.3 22.25 3.05446
1.3 22.75 2.07696
1.5 16.25 0.000996
1.5 16.75 0.003071
1.5 17.25 0.009462
1.5 17.75 0.028801
1.5 18.25 0.083664
1.5 18.75 0.219286
1.5 19.25 0.489617
1.5 19.75 0.900301
1.5 20.25 1.38917
1.5 20.75 1.90178
1.5 21.25 2.4402
1.5 21.75 3.03954
1.5 22.25 3.2441
1.5 22.75 2.2066
1.7 16.25 0.00083
1.7 16.75 0.002573
1.7 17.25 0.007968
1.7 17.75 0.024568
1.7 18.25 0.072708
1.7 18.75 0.197042
1.7 19.25 0.46065
1.7 19.75 0.88229
1.7 20.25 1.39797
1.7 20.75 1.93888
1.7 21.25 2.50179
1.7 21.75 3.12312
1.7 22.25 3.33641
1.7 22.75 2.27
1.9 16.25 0.000664
1.9 16.75 0.002075
1.9 17.25 0.006391
1.9 17.75 0.019754
1.9 18.25 0.059179
1.9 18.75 0.164506
1.9 19.25 0.400475
1.9 19.75 0.803855
1.9 20.25 1.32568
1.9 20.75 1.88443
1.9 21.25 2.4612
1.9 21.75 3.08876
1.9 22.25 3.30667
1.9 22.75 2.25164
2.1 16.25 0.000498
2.1 16.75 0.001826
2.1 17.25 0.005395
2.1 17.75 0.015936
2.1 18.25 0.045899
2.1 18.75 0.126824
2.1 19.25 0.313325
2.1 19.75 0.656032
2.1 20.25 1.12199
2.1 20.75 1.62132
2.1 21.25 2.10936
2.1 21.75 2.60761
2.1 22.25 2.7378
2.1 22.75 1.82808
2.3 16.25 0.000332
2.3 16.75 0.001743
2.3 17.25 0.004814
2.3 17.75 0.013114
2.3 18.25 0.035773
2.3 18.75 0.093458
2.3 19.25 0.227752
2.3 19.75 0.483226
2.3 20.25 0.851082
2.3 20.75 1.24259
2.3 21.25 1.58132
2.3 21.75 1.86418
2.3 22.25 1.84118
2.3 22.75 1.149
2.5 16.25 0
2.5 16.75 0.000996
2.5 17.25 0.002822
2.5 17.75 0.007553
2.5 18.25 0.020418
2.5 18.75 0.05395
2.5 19.25 0.134958
2.5 19.75 0.306685
2.5 20.25 0.596438
2.5 20.75 0.960808
2.5 21.25 1.3075
2.5 21.75 1.58405
2.5 22.25 1.56269
2.5 22.75 0.9588
2.7 16.25 0
2.7 16.75 0.000332
2.7 17.25 0.001328
2.7 17.75 0.003652
2.7 18.25 0.009877
2.7 18.75 0.026394
2.7 19.25 0.069056
2.7 19.75 0.169901
2.7 20.25 0.3735
2.7 20.75 0.693548
2.7 21.25 1.06315
2.7 21.75 1.39149
2.7 22.25 1.42934
2.7 22.75 0.893
2.9 16.25 0
2.9 16.75 8.3e-05
2.9 17.25 0.000664
2.9 17.75 0.001826
2.9 18.25 0.004897
2.9 18.75 0.013363
2.9 19.25 0.035524
2.9 19.75 0.091549
2.9 20.25 0.218041
2.9 20.75 0.455753
2.9 21.25 0.796966
2.9 21.75 1.15926
2.9 22.25 1.27051
2.9 22.75 0.81992
3.1 16.25 0
3.1 16.75 0
3.1 17.25 0.000332
3.1 17.75 0.000913
3.1 18.25 0.002407
3.1 18.75 0.00664
3.1 19.25 0.017928
3.1 19.75 0.047227
3.1 20.25 0.119935
3.1 20.75 0.27639
3.1 21.25 0.549377
3.1 21.75 0.904451
3.1 22.25 1.0841
3.1 22.75 0.73672
3.3 16.25 0
3.3 16.75 0
3.3 17.25 0.000166
3.3 17.75 0.000415
3.3 18.25 0.001245
3.3 18.75 0.00332
3.3 19.25 0.008964
3.3 19.75 0.024236
3.3 20.25 0.06308
3.3 20.75 0.156538
3.3 21.25 0.345612
3.3 21.75 0.649309
3.3 22.25 0.8748
3.3 22.75 0.64176
3.5 16.25 0
3.5 16.75 0
3.5 17.25 8.3e-05
3.5 17.75 0.000249
3.5 18.25 0.000664
3.5 18.75 0.00166
3.5 19.25 0.004648
3.5 19.75 0.012533
3.5 20.25 0.033615
3.5 20.75 0.085905
3.5 21.25 0.206172
3.5 21.75 0.43077
3.5 22.25 0.655848
3.5 22.75 0.5322
3.7 16.25 0
3.7 16.75 0
3.7 17.25 0
3.7 17.75 8.3e-05
3.7 18.25 0.000332
3.7 18.75 0.00083
3.7 19.25 0.002324
3.7 19.75 0.006225
3.7 20.25 0.016849
3.7 20.75 0.04482
3.7 21.25 0.113129
3.7 21.75 0.262363
3.7 22.25 0.452952
3.7 22.75 0.41568
3.9 16.25 0
3.9 16.75 0
3.9 17.25 0
3.9 17.75 8.3e-05
3.9 18.25 0.000166
3.9 18.75 0.000415
3.9 19.25 0.001162
3.9 19.75 0.003237
3.9 20.25 0.008798
3.9 20.75 0.023738
3.9 21.25 0.061752
3.9 21.75 0.152139
3.9 22.25 0.289656
3.9 22.75 0.29984
4.1 16.25 0
4.1 16.75 0
4.1 17.25 0
4.1 17.75 0
4.1 18.25 8.3e-05
4.1 18.75 0.000249
4.1 19.25 0.000581
4.1 19.75 0.00166
4.1 20.25 0.004482
4.1 20.75 0.012035
4.1 21.25 0.032453
4.1 21.75 0.082917
4.1 22.25 0.1728
4.1 22.75 0.20024
4.3 16.25 0
4.3 16.75 0
4.3 17.25 0
4.3 17.75 0
4.3 18.25 0
4.3 18.75 8.3e-05
4.3 19.25 0.000332
4.3 19.75 0.00083
4.3 20.25 0.002241
4.3 20.75 0.006225
4.3 21.25 0.016683
4.3 21.75 0.044156
4.3 22.25 0.096336
4.3 22.75 0.12308
4.5 16.25 0
4.5 16.75 0
4.5 17.25 0
4.5 17.75 0
4.5 18.25 0
4.5 18.75 8.3e-05
4.5 19.25 0.000166
4.5 19.75 0.000415
4.5 20.25 0.001162
4.5 20.75 0.003237
4.5 21.25 0.008715
4.5 21.75 0.023655
4.5 22.25 0.052992
4.5 22.75 0.0724
4.7 16.25 0
4.7 16.75 0
4.7 17.25 0
4.7 17.75 0
4.7 18.25 0
4.7 18.75 0
4.7 19.25 8.3e-05
4.7 19.75 0.000249
4.7 20.25 0.000581
4.7 20.75 0.001577
4.7 21.25 0.004399
4.7 21.75 0.011786
4.7 22.25 0.027432
4.7 22.75 0.039
4.9 16.25 0
4.9 16.75 0
4.9 17.25 0
4.9 17.75 0
4.9 18.25 0
4.9 18.75 0
4.9 19.25 0
4.9 19.75 8.3e-05
4.9 20.25 0.000332
4.9 20.75 0.00083
4.9 21.25 0.002324
4.9 21.75 0.006225
4.9 22.25 0.014616
4.9 22.75 0.0212
