#DESI TS - Eff from Charles-Antoine study (version Oct 2017)
#Counts in r using PLE+LEDE luminosity function from NPD+ 2015
#2D ========= (0.2 dz bins, 0.5 mag. bins, values are for bin center) 
0.1 16.25 0
0.1 16.75 0
0.1 17.25 0
0.1 17.75 1.10352e-10
0.1 18.25 1.19311e-10
0.1 18.75 3.56977e-11
0.1 19.25 2.5499e-10
0.1 19.75 2.61477e-10
0.1 20.25 1.65121e-10
0.1 20.75 6.12494e-10
0.1 21.25 7.73347e-10
0.1 21.75 1.18757e-10
0.1 22.25 0
0.1 22.75 0
0.3 16.25 0
0.3 16.75 0
0.3 17.25 0
0.3 17.75 0.030114
0.3 18.25 0.0403679
0.3 18.75 0.0136285
0.3 19.25 0.109164
0.3 19.75 0.114486
0.3 20.25 0.0736504
0.3 20.75 0.276366
0.3 21.25 0.355518
0.3 21.75 0.0549669
0.3 22.25 2.1566e-08
0.3 22.75 3.70433e-08
0.5 16.25 0
0.5 16.75 0
0.5 17.25 0
0.5 17.75 0.0299229
0.5 18.25 0.134669
0.5 18.75 0.191122
0.5 19.25 0.264698
0.5 19.75 0.249417
0.5 20.25 0.407869
0.5 20.75 0.4805
0.5 21.25 0.55336
0.5 21.75 1.30736
0.5 22.25 0.580061
0.5 22.75 0.999488
0.7 16.25 0
0.7 16.75 0
0.7 17.25 4.44181e-10
0.7 17.75 0.039889
0.7 18.25 0.164197
0.7 18.75 0.368099
0.7 19.25 0.608555
0.7 19.75 0.831481
0.7 20.25 0.992219
0.7 20.75 1.15307
0.7 21.25 1.32484
0.7 21.75 1.62184
0.7 22.25 1.42026
0.7 22.75 0.521893
0.9 16.25 0
0.9 16.75 0
0.9 17.25 0.00240904
0.9 17.75 0.0427334
0.9 18.25 0.196824
0.9 18.75 0.483988
0.9 19.25 0.837596
0.9 19.75 1.22448
0.9 20.25 1.571
0.9 20.75 1.86168
0.9 21.25 2.08607
0.9 21.75 2.36396
0.9 22.25 2.58398
0.9 22.75 1.68
1.1 16.25 0
1.1 16.75 0
1.1 17.25 2.80385e-10
1.1 17.75 0.083647
1.1 18.25 0.2987
1.1 18.75 0.617944
1.1 19.25 1.04945
1.1 19.75 1.5193
1.1 20.25 2.01494
1.1 20.75 2.52243
1.1 21.25 2.83578
1.1 21.75 2.69996
1.1 22.25 2.25305
1.1 22.75 0.84102
1.3 16.25 0
1.3 16.75 0
1.3 17.25 0.00231679
1.3 17.75 0.106441
1.3 18.25 0.306428
1.3 18.75 0.651952
1.3 19.25 1.12925
1.3 19.75 1.64449
1.3 20.25 2.21378
1.3 20.75 2.79736
1.3 21.25 3.41393
1.3 21.75 3.85215
1.3 22.25 4.00987
1.3 22.75 1.59197
1.5 16.25 0
1.5 16.75 0
1.5 17.25 0.00211803
1.5 17.75 0.080147
1.5 18.25 0.228444
1.5 18.75 0.526476
1.5 19.25 0.9735
1.5 19.75 1.55693
1.5 20.25 2.15148
1.5 20.75 2.83795
1.5 21.25 3.41031
1.5 21.75 3.98269
1.5 22.25 4.01989
1.5 22.75 1.88537
1.7 16.25 0
1.7 16.75 0
1.7 17.25 0
1.7 17.75 0.039286
1.7 18.25 0.161176
1.7 18.75 0.408312
1.7 19.25 0.8451
1.7 19.75 1.40113
1.7 20.25 2.05468
1.7 20.75 2.73264
1.7 21.25 3.50907
1.7 21.75 4.24654
1.7 22.25 4.94339
1.7 22.75 2.12011
1.9 16.25 0
1.9 16.75 0
1.9 17.25 0
1.9 17.75 0.0113761
1.9 18.25 0.0640381
1.9 18.75 0.281814
1.9 19.25 0.698679
1.9 19.75 1.25024
1.9 20.25 1.89886
1.9 20.75 2.60558
1.9 21.25 3.38623
1.9 21.75 4.16114
1.9 22.25 4.9857
1.9 22.75 2.06067
2.1 16.25 0
2.1 16.75 0
2.1 17.25 0
2.1 17.75 0.00745904
2.1 18.25 0.0756685
2.1 18.75 0.22586
2.1 19.25 0.531023
2.1 19.75 1.03159
2.1 20.25 1.6838
2.1 20.75 2.37708
2.1 21.25 3.08262
2.1 21.75 3.83499
2.1 22.25 4.95039
2.1 22.75 2.20762
2.3 16.25 0
2.3 16.75 0
2.3 17.25 0
2.3 17.75 0.010808
2.3 18.25 0.0451709
2.3 18.75 0.138333
2.3 19.25 0.371752
2.3 19.75 0.769398
2.3 20.25 1.32719
2.3 20.75 1.93617
2.3 21.25 2.57342
2.3 21.75 3.4467
2.3 22.25 4.00892
2.3 22.75 1.8646
2.5 16.25 0
2.5 16.75 0
2.5 17.25 0.000367006
2.5 17.75 0.014135
2.5 18.25 0.0436346
2.5 18.75 0.114004
2.5 19.25 0.289737
2.5 19.75 0.599581
2.5 20.25 1.01083
2.5 20.75 1.44707
2.5 21.25 1.95996
2.5 21.75 2.43608
2.5 22.25 3.19695
2.5 22.75 1.06113
2.7 16.25 0
2.7 16.75 0
2.7 17.25 7.72488e-11
2.7 17.75 0.00886799
2.7 18.25 0.03526
2.7 18.75 0.092708
2.7 19.25 0.209541
2.7 19.75 0.403807
2.7 20.25 0.707278
2.7 20.75 1.0236
2.7 21.25 1.34049
2.7 21.75 1.47442
2.7 22.25 1.8303
2.7 22.75 0.534075
2.9 16.25 0
2.9 16.75 0
2.9 17.25 0.000276004
2.9 17.75 0.002628
2.9 18.25 0.023397
2.9 18.75 0.06788
2.9 19.25 0.15232
2.9 19.75 0.290326
2.9 20.25 0.505639
2.9 20.75 0.727473
2.9 21.25 0.910329
2.9 21.75 0.971476
2.9 22.25 1.3996
2.9 22.75 0.705568
3.1 16.25 0
3.1 16.75 0
3.1 17.25 1.06336e-10
3.1 17.75 0.00219001
3.1 18.25 0.00427504
3.1 18.75 0.045775
3.1 19.25 0.0947421
3.1 19.75 0.181772
3.1 20.25 0.320127
3.1 20.75 0.458831
3.1 21.25 0.532753
3.1 21.75 0.678863
3.1 22.25 0.555679
3.1 22.75 0.428831
3.3 16.25 0
3.3 16.75 0
3.3 17.25 0.000158002
3.3 17.75 0.001454
3.3 18.25 0.00415049
3.3 18.75 0.00849956
3.3 19.25 0.062164
3.3 19.75 0.109182
3.3 20.25 0.195916
3.3 20.75 0.307832
3.3 21.25 0.346514
3.3 21.75 0.483548
3.3 22.25 0.467555
3.3 22.75 6.58135e-08
3.5 16.25 0
3.5 16.75 0
3.5 17.25 3.48615e-19
3.5 17.75 3.13305e-18
3.5 18.25 0.00942699
3.5 18.75 0.017283
3.5 19.25 0.037985
3.5 19.75 0.081004
3.5 20.25 0.118946
3.5 20.75 0.138174
3.5 21.25 0.251571
3.5 21.75 0.235773
3.5 22.25 6.48372e-16
3.5 22.75 0
3.7 16.25 0
3.7 16.75 0
3.7 17.25 0
3.7 17.75 0
3.7 18.25 0.00064801
3.7 18.75 0.0136
3.7 19.25 0.0286342
3.7 19.75 0.053014
3.7 20.25 0.089
3.7 20.75 0.122553
3.7 21.25 0.175923
3.7 21.75 0.150536
3.7 22.25 1.48636e-08
3.7 22.75 0
3.9 16.25 0
3.9 16.75 0
3.9 17.25 0
3.9 17.75 0
3.9 18.25 0.000416006
3.9 18.75 0.011439
3.9 19.25 0.019486
3.9 19.75 0.00947608
3.9 20.25 0.053568
3.9 20.75 0.0710458
3.9 21.25 0.10866
3.9 21.75 0.127634
3.9 22.25 0.0366492
3.9 22.75 0
4.1 16.25 0
4.1 16.75 0
4.1 17.25 0
4.1 17.75 0
4.1 18.25 1.19688e-10
4.1 18.75 3.17049e-09
4.1 19.25 0.00462
4.1 19.75 0.00857498
4.1 20.25 0.012734
4.1 20.75 0.0232691
4.1 21.25 0.0259191
4.1 21.75 0.0611699
4.1 22.25 9.62883e-09
4.1 22.75 0
4.3 16.25 0
4.3 16.75 0
4.3 17.25 0
4.3 17.75 0
4.3 18.25 0
4.3 18.75 0
4.3 19.25 0
4.3 19.75 0.00229701
4.3 20.25 0.00348103
4.3 20.75 0.00697399
4.3 21.25 1.69375e-09
4.3 21.75 1.32065e-08
4.3 22.25 0
4.3 22.75 0
4.5 16.25 0
4.5 16.75 0
4.5 17.25 0
4.5 17.75 0
4.5 18.25 0
4.5 18.75 0
4.5 19.25 0
4.5 19.75 0
4.5 20.25 0.00267599
4.5 20.75 0
4.5 21.25 0.000815012
4.5 21.75 0.00636499
4.5 22.25 0
4.5 22.75 0
4.7 16.25 0
4.7 16.75 0
4.7 17.25 0
4.7 17.75 0
4.7 18.25 0
4.7 18.75 0
4.7 19.25 0
4.7 19.75 0
4.7 20.25 1.33514e-09
4.7 20.75 0.00116701
4.7 21.25 0.00129301
4.7 21.75 3.04794e-09
4.7 22.25 0
4.7 22.75 0
